{
 "cells": [
  {
   "cell_type": "code",
   "execution_count": 1,
   "metadata": {
    "ExecuteTime": {
     "end_time": "2017-03-04T11:02:56.632001Z",
     "start_time": "2017-03-04T12:02:56.396316+01:00"
    },
    "collapsed": false,
    "deletable": true,
    "editable": true
   },
   "outputs": [],
   "source": [
    "from itertools import islice\n",
    "from datetime import datetime\n",
    "import json\n",
    "import pandas as pd\n",
    "import numpy as np\n",
    "from pprint import pprint\n",
    "\n",
    "np.set_printoptions(precision=3, suppress=True)"
   ]
  },
  {
   "cell_type": "code",
   "execution_count": 2,
   "metadata": {
    "ExecuteTime": {
     "end_time": "2017-03-04T11:03:09.671132Z",
     "start_time": "2017-03-04T12:02:59.499525+01:00"
    },
    "collapsed": false,
    "deletable": true,
    "editable": true
   },
   "outputs": [],
   "source": [
    "files = \"./ml-20m/\"\n",
    "movies = pd.read_csv(files + \"movies.csv\", index_col=\"movieId\")\n",
    "ratings = pd.read_csv(files + \"ratings.csv\", index_col=[\"movieId\", \"userId\"])"
   ]
  },
  {
   "cell_type": "code",
   "execution_count": 3,
   "metadata": {
    "ExecuteTime": {
     "end_time": "2017-03-04T11:03:09.691667Z",
     "start_time": "2017-03-04T12:03:09.672641+01:00"
    },
    "collapsed": false,
    "deletable": true,
    "editable": true
   },
   "outputs": [],
   "source": [
    "movies.genres = movies.genres.str.split(\"|\")"
   ]
  },
  {
   "cell_type": "code",
   "execution_count": 4,
   "metadata": {
    "ExecuteTime": {
     "end_time": "2017-03-04T11:03:10.252927Z",
     "start_time": "2017-03-04T12:03:09.692982+01:00"
    },
    "collapsed": false
   },
   "outputs": [],
   "source": [
    "R = ratings.rating\n",
    "movies[\"rating\"] = R.mean(level=\"movieId\")"
   ]
  },
  {
   "cell_type": "code",
   "execution_count": 5,
   "metadata": {
    "ExecuteTime": {
     "end_time": "2017-03-04T11:03:40.184470Z",
     "start_time": "2017-03-04T12:03:10.254369+01:00"
    },
    "collapsed": false
   },
   "outputs": [],
   "source": [
    "ratings.timestamp = ratings.timestamp.apply(datetime.fromtimestamp)"
   ]
  },
  {
   "cell_type": "code",
   "execution_count": 43,
   "metadata": {
    "ExecuteTime": {
     "end_time": "2017-03-04T12:04:35.621903Z",
     "start_time": "2017-03-04T13:04:35.495180+01:00"
    },
    "collapsed": false
   },
   "outputs": [
    {
     "data": {
      "text/plain": [
       "0.099149146678717062"
      ]
     },
     "execution_count": 43,
     "metadata": {},
     "output_type": "execute_result"
    }
   ],
   "source": [
    "m1, m2 = movies.ix[318], movies.ix[858]\n",
    "r1 = R.ix[m1.name] - m1.rating\n",
    "r2 = R.ix[m2.name] - m2.rating\n",
    "similarity = (r1 * r2).sum(skipna=True) / np.sqrt((r1 * r1).sum() * (r2 * r2).sum())\n",
    "similarity"
   ]
  },
  {
   "cell_type": "code",
   "execution_count": 8,
   "metadata": {
    "ExecuteTime": {
     "end_time": "2017-02-18T19:40:20.181900",
     "start_time": "2017-02-18T19:40:20.173213"
    },
    "collapsed": false,
    "deletable": true,
    "editable": true
   },
   "outputs": [
    {
     "data": {
      "text/plain": [
       "'\\nm1 = movies.iloc[318]\\nm2 = movies.iloc[858] \\nusers = np.intersect1d(m1.userId, m2.userId, assume_unique=True)\\nrows = [\"rating\"] * len(users)\\nr1 = ratings_index.lookup([(m1.name, u) for u in users], rows) - m1.rating\\nr2 = ratings_index.lookup([(m2.name, u) for u in users], rows) - m2.rating\\n(r1 * r2).sum() / np.sqrt((r1 * r1).sum() * (r2 * r2).sum())\\n'"
      ]
     },
     "execution_count": 8,
     "metadata": {},
     "output_type": "execute_result"
    }
   ],
   "source": [
    "\"\"\"\n",
    "m1 = movies.iloc[318]\n",
    "m2 = movies.iloc[858] \n",
    "users = np.intersect1d(m1.userId, m2.userId, assume_unique=True)\n",
    "rows = [\"rating\"] * len(users)\n",
    "r1 = ratings_index.lookup([(m1.name, u) for u in users], rows) - m1.rating\n",
    "r2 = ratings_index.lookup([(m2.name, u) for u in users], rows) - m2.rating\n",
    "(r1 * r2).sum() / np.sqrt((r1 * r1).sum() * (r2 * r2).sum())\n",
    "\"\"\""
   ]
  },
  {
   "cell_type": "code",
   "execution_count": 9,
   "metadata": {
    "ExecuteTime": {
     "end_time": "2017-02-25T00:36:07.892150",
     "start_time": "2017-02-25T00:36:07.861626"
    },
    "collapsed": false,
    "deletable": true,
    "editable": true
   },
   "outputs": [
    {
     "data": {
      "text/plain": [
       "array(['rating', 'rating', 'rating', ..., 'rating', 'rating', 'rating'], \n",
       "      dtype='<U6')"
      ]
     },
     "execution_count": 9,
     "metadata": {},
     "output_type": "execute_result"
    }
   ],
   "source": [
    "R = np.array([\"rating\" for _ in range(100000)])\n",
    "\n",
    "def sim_pearson(m1, m2, m_index=lambda x: x.name):\n",
    "    users = np.intersect1d(m1.userId, m2.userId, assume_unique=True)\n",
    "    if users.size == 0:\n",
    "        return 0.0\n",
    "    r1 = ratings_index.lookup([(m1.Index, u) for u in users], R[:len(users)]) - m1.rating\n",
    "    r2 = ratings_index.lookup([(m_index(m2), u) for u in users], R[:len(users)]) - m2.rating\n",
    "    count = (r1 * r2).sum()\n",
    "    if count == 0:\n",
    "        return 0.0\n",
    "    return count / np.sqrt((r1 * r1).sum() * (r2 * r2).sum())\n",
    "\n",
    "R"
   ]
  },
  {
   "cell_type": "code",
   "execution_count": 10,
   "metadata": {
    "ExecuteTime": {
     "end_time": "2017-02-25T00:36:14.546548",
     "start_time": "2017-02-25T00:36:14.543715"
    },
    "collapsed": false,
    "deletable": true,
    "editable": true
   },
   "outputs": [],
   "source": [
    "def similarities(movie, measure=sim_pearson, m_index=lambda x: x.Index):\n",
    "    return np.array([\n",
    "        measure(m, movie, m_index) for m in movies[:m_index(movie)].itertuples()\n",
    "    ])"
   ]
  },
  {
   "cell_type": "code",
   "execution_count": 14,
   "metadata": {
    "ExecuteTime": {
     "end_time": "2017-02-25T00:38:51.400489",
     "start_time": "2017-02-25T00:38:51.389246"
    },
    "collapsed": false,
    "deletable": true,
    "editable": true
   },
   "outputs": [
    {
     "data": {
      "text/plain": [
       "('Strawberry and Chocolate (Fresa y chocolate) (1993)',\n",
       " ['Drama'],\n",
       " 3.761930585683297,\n",
       " array([   112,    310,    330,    569,    903,   1105,   1198,   1313,\n",
       "          1610,   1931,   1983,   2127,   2354,   2932,   3013,   3109,\n",
       "          3136,   3184,   3249,   3344,   3352,   3515,   3594,   3628,\n",
       "          3797,   3890,   3915,   4024,   4110,   4256,   4450,   4509,\n",
       "          4825,   4976,   5110,   5248,   5561,   5698,   5743,   5784,\n",
       "          5967,   6082,   6133,   6166,   6168,   6356,   6406,   6442,\n",
       "          6465,   6764,   6892,   6979,   7266,   7292,   7472,   7499,\n",
       "          7555,   7563,   7640,   7738,   8003,   8119,   8249,   8344,\n",
       "          8398,   8400,   8405,   8634,   8647,   8963,   9291,   9394,\n",
       "          9511,   9574,   9768,  10027,  10365,  10412,  10581,  10624,\n",
       "         10651,  10659,  10951,  11231,  11253,  11292,  11325,  11593,\n",
       "         11641,  11761,  11891,  11929,  12053,  12126,  12629,  12901,\n",
       "         13026,  13170,  13181,  13222,  13255,  13285,  13416,  13666,\n",
       "         13763,  13779,  14076,  14143,  14172,  14325,  14437,  14457,\n",
       "         14705,  14720,  14949,  15177,  16020,  16104,  16158,  16487,\n",
       "         16608,  16751,  16959,  17100,  17588,  17992,  18082,  18158,\n",
       "         18415,  18458,  18515,  18626,  18704,  18761,  18783,  18949,\n",
       "         19067,  19119,  19198,  19212,  19242,  19358,  19761,  19794,\n",
       "         19814,  19851,  20214,  20217,  20344,  20650,  21012,  21042,\n",
       "         21326,  21398,  21404,  21593,  21784,  21956,  22094,  22166,\n",
       "         22340,  22371,  22411,  22684,  23115,  23186,  23265,  23528,\n",
       "         23556,  23945,  24097,  24214,  24582,  24683,  25080,  25085,\n",
       "         25306,  25676,  26506,  26622,  26659,  26809,  26884,  26914,\n",
       "         27467,  27503,  27603,  27727,  28359,  28361,  28613,  28757,\n",
       "         28799,  28954,  29019,  29022,  29254,  29428,  29887,  30017,\n",
       "         30387,  30388,  30408,  30497,  30590,  30606,  30666,  30673,\n",
       "         30762,  31302,  31399,  31443,  31448,  31737,  31753,  32135,\n",
       "         32195,  32342,  32603,  32675,  33128,  33271,  33323,  33371,\n",
       "         33744,  33755,  34058,  35058,  35614,  35936,  35938,  36098,\n",
       "         36160,  36176,  36734,  36900,  37070,  37145,  37192,  37340,\n",
       "         37450,  37595,  37856,  37890,  37978,  37990,  38095,  38451,\n",
       "         38795,  38800,  38964,  39030,  39234,  39357,  39494,  39583,\n",
       "         39586,  39593,  39601,  40117,  40467,  40930,  40931,  41060,\n",
       "         41112,  41284,  41327,  41389,  41449,  41473,  41613,  41854,\n",
       "         42237,  42266,  42747,  42832,  42861,  43156,  43184,  43386,\n",
       "         43419,  43463,  43471,  43666,  43700,  43919,  44074,  44113,\n",
       "         44283,  44296,  44341,  44436,  44712,  44873,  44882,  44926,\n",
       "         45297,  45721,  45777,  46080,  46146,  46224,  46258,  46413,\n",
       "         46491,  46571,  46588,  46663,  47002,  47081,  47272,  47289,\n",
       "         47427,  47823,  47896,  48265,  48452,  48551,  48703,  49018,\n",
       "         49084,  49154,  49523,  49899,  49937,  50074,  50139,  50168,\n",
       "         50211,  50299,  50427,  50437,  50676,  50928,  50946,  51331,\n",
       "         51638,  51994,  52054,  52146,  52163,  52275,  52325,  52847,\n",
       "         52949,  53108,  53110,  53124,  53258,  53313,  53419,  53458,\n",
       "         53495,  53626,  53644,  53697,  53788,  53979,  54132,  54168,\n",
       "         54250,  54605,  54896,  55140,  55210,  55243,  55304,  55573,\n",
       "         55887,  56407,  56548,  56879,  57013,  57185,  57449,  57514,\n",
       "         57653,  57896,  58161,  58387,  58650,  58667,  58882,  58972,\n",
       "         59002,  59047,  59164,  59196,  59226,  59638,  59753,  59841,\n",
       "         60027,  60081,  60174,  60231,  60345,  60736,  61285,  61340,\n",
       "         61614,  61709,  61736,  62130,  62252,  62392,  62414,  62433,\n",
       "         62638,  62659,  62688,  62887,  62938,  62951,  62990,  63147,\n",
       "         63294,  63502,  63602,  63719,  63922,  64420,  64605,  64609,\n",
       "         64767,  64807,  65156,  65215,  65231,  65344,  65737,  65808,\n",
       "         65940,  66128,  66331,  66607,  66709,  66871,  66902,  66953,\n",
       "         67048,  67068,  67204,  67346,  67571,  67830,  67903,  68261,\n",
       "         68710,  68919,  69282,  69462,  69475,  69946,  69999,  70036,\n",
       "         70269,  70279,  70569,  70738,  70877,  71002,  71006,  71079,\n",
       "         71235,  71343,  71459,  71644,  71735,  71757,  71763,  71801,\n",
       "         71864,  71872,  71975,  72036,  72359,  72377,  72929,  73074,\n",
       "         73257,  73481,  73793,  73956,  74076,  74151,  74237,  74238,\n",
       "         74707,  74904,  75194,  75370,  75371,  75456,  75678,  75865,\n",
       "         75999,  76012,  76027,  76639,  76697,  76754,  76800,  76947,\n",
       "         77187,  77372,  77407,  77710,  77776,  77968,  78081,  78109,\n",
       "         78126,  78178,  78455,  78728,  78860,  78955,  79300,  79552,\n",
       "         80095,  80099,  80225,  80460,  80479,  80537,  80730,  80868,\n",
       "         80902,  81218,  81256,  81508,  81535,  81628,  81630,  81661,\n",
       "         81699,  81824,  82352,  82387,  82521,  82670,  82895,  83056,\n",
       "         83090,  83215,  83230,  83231,  83741,  83828,  83856,  83864,\n",
       "         84392,  84649,  84772,  84847,  84898,  85039,  85220,  85303,\n",
       "         85433,  85874,  85944,  86006,  86214,  86531,  86962,  87204,\n",
       "         87326,  88029,  88340,  88379,  88501,  88779,  89137,  89272,\n",
       "         89495,  89504,  90198,  90245,  90411,  90742,  90861,  91070,\n",
       "         91073,  91146,  91261,  91583,  91653,  91782,  91867,  91954,\n",
       "         91962,  92086,  92110,  92431,  92631,  92714,  92803,  92919,\n",
       "         93638,  93915,  93992,  94007,  94070,  94302,  94399,  94441,\n",
       "         94685,  94744,  94936,  95007,  95161,  95614,  96097,  96304,\n",
       "         96547,  96769,  96780,  96952,  97039,  97065,  97159,  97463,\n",
       "         97508,  97612,  97760,  97773,  97832,  97877,  97932,  98117,\n",
       "         98197,  98244,  98802,  98927,  98983,  99059,  99216,  99325,\n",
       "         99679,  99730,  99940, 100063, 100064, 100110, 100217, 100577,\n",
       "        100671, 100766, 100781, 101628, 101872, 101879, 101948, 101971,\n",
       "        101975, 102424, 102845, 102866, 103181, 103208, 103221, 103282,\n",
       "        103388, 103394, 103595, 103680, 103873, 103902, 104042, 104132,\n",
       "        104181, 104281, 104669, 104890, 104945, 105021, 105078, 105166,\n",
       "        105664, 105893, 106017, 106026, 106113, 106119, 107028, 107248,\n",
       "        107326, 107481, 107518, 107713, 107732, 107770, 107802, 107824,\n",
       "        107987, 108408, 108423, 108745, 108906, 108951, 109163, 109286,\n",
       "        109358, 109381, 109553, 109595, 109709, 109933, 110372, 110391,\n",
       "        110513, 110527, 110777, 110864, 110925, 111317, 111321, 111795,\n",
       "        111834, 111875, 112008, 112142, 112415, 112495, 112501, 112653,\n",
       "        112776, 112816, 113260, 113370, 113381, 113386, 113532, 113778,\n",
       "        113828, 113919, 114211, 114275, 114276, 114331, 114595, 114660,\n",
       "        114850, 115476, 115617, 115753, 115792, 115904, 116015, 116095,\n",
       "        116139, 116273, 116278, 116459, 116672, 116859, 116898, 117116,\n",
       "        117187, 117460, 117826, 117834, 117855, 117897, 118205, 118390,\n",
       "        118503, 118827, 118839, 118925, 118998, 119013, 119282, 119585,\n",
       "        119700, 120034, 120063, 120302, 120379, 120434, 120699, 121188,\n",
       "        121311, 121341, 121401, 121464, 121562, 121681, 121749, 121870,\n",
       "        121930, 121995, 122009, 122040, 122380, 122436, 122479, 122511,\n",
       "        122615, 122639, 123010, 123280, 123327, 123385, 123628, 123728,\n",
       "        123750, 123797, 123817, 124052, 124078, 124237, 124272, 124327,\n",
       "        124668, 125062, 125357, 125621, 125794, 125940, 125966, 125969,\n",
       "        126260, 126318, 126802, 126824, 126872, 127015, 127053, 127114,\n",
       "        127179, 127245, 127256, 127423, 127598, 127946, 128010, 128197,\n",
       "        128241, 128274, 128591, 128653, 128870, 129030, 129079, 129242,\n",
       "        129522, 129595, 130072, 130181, 130347, 130435, 130531, 130533,\n",
       "        130558, 130594, 130736, 130820, 130956, 130961, 130986, 131077,\n",
       "        131183, 131208, 131466, 131491, 131492, 131518, 131651, 131910,\n",
       "        132300, 132547, 132550, 132732, 132736, 132894, 132962, 132990,\n",
       "        133042, 133098, 133202, 133330, 133355, 133475, 133512, 133607,\n",
       "        133773, 134025, 134426, 134587, 134593, 134684, 134690, 134716,\n",
       "        134785, 134842, 134882, 134929, 135033, 135084, 135230, 135248,\n",
       "        135291, 135405, 135423, 135632, 135971, 136085, 136094, 136096,\n",
       "        136186, 136268, 136557, 136799, 137050, 137727, 137947, 138147,\n",
       "        138196, 138483]))"
      ]
     },
     "execution_count": 14,
     "metadata": {},
     "output_type": "execute_result"
    }
   ],
   "source": [
    "m = movies.iloc[318]\n",
    "tuple(m)"
   ]
  },
  {
   "cell_type": "code",
   "execution_count": 17,
   "metadata": {
    "ExecuteTime": {
     "end_time": "2017-02-25T00:40:16.086693",
     "start_time": "2017-02-25T00:40:16.083029"
    },
    "collapsed": false,
    "deletable": true,
    "editable": true
   },
   "outputs": [
    {
     "ename": "SyntaxError",
     "evalue": "invalid syntax (<ipython-input-17-e8047613ce91>, line 6)",
     "output_type": "error",
     "traceback": [
      "\u001b[0;36m  File \u001b[0;32m\"<ipython-input-17-e8047613ce91>\"\u001b[0;36m, line \u001b[0;32m6\u001b[0m\n\u001b[0;31m    %%timeit similarities2(m, m_index=lambda x: x.name)\u001b[0m\n\u001b[0m    ^\u001b[0m\n\u001b[0;31mSyntaxError\u001b[0m\u001b[0;31m:\u001b[0m invalid syntax\n"
     ]
    }
   ],
   "source": [
    "def similarities2(movie, measure=sim_pearson, m_index=lambda x: x.Index):\n",
    "    return np.array([\n",
    "        measure(m, movie, m_index) for m in movies.itertuples()\n",
    "    ])"
   ]
  },
  {
   "cell_type": "code",
   "execution_count": 18,
   "metadata": {
    "ExecuteTime": {
     "end_time": "2017-02-25T00:40:59.086043",
     "start_time": "2017-02-25T00:40:35.507731"
    },
    "collapsed": false,
    "deletable": true,
    "editable": true
   },
   "outputs": [
    {
     "name": "stdout",
     "output_type": "stream",
     "text": [
      "1 loop, best of 3: 5.79 s per loop\n"
     ]
    }
   ],
   "source": [
    "%timeit similarities2(m, m_index=lambda x: x.name)"
   ]
  },
  {
   "cell_type": "code",
   "execution_count": null,
   "metadata": {
    "ExecuteTime": {
     "start_time": "2017-02-18T18:51:13.681Z"
    },
    "collapsed": false,
    "deletable": true,
    "editable": true,
    "scrolled": false
   },
   "outputs": [],
   "source": [
    "#similarities(list(islice(movies.itertuples(), 1))[0])\n",
    "sims = sc.parallelize(islice(movies.itertuples(), 2000), 4).map(similarities).collect()"
   ]
  },
  {
   "cell_type": "code",
   "execution_count": 32,
   "metadata": {
    "ExecuteTime": {
     "end_time": "2017-02-18T19:50:45.067872",
     "start_time": "2017-02-18T19:50:45.057481"
    },
    "collapsed": false,
    "deletable": true,
    "editable": true
   },
   "outputs": [
    {
     "data": {
      "text/plain": [
       "array([[ 1.        ,  0.31501184,  0.17379116,  0.16582331,  0.21226605,\n",
       "         0.11603759,  0.19424208,  0.19642781,  0.08660063,  0.22551062,\n",
       "         0.20889393, -0.00774983,  0.23755015,  0.1103709 ,  0.14167647,\n",
       "         0.08702847,  0.18640497,  0.00199259,  0.14468261,  0.08724871],\n",
       "       [ 0.31501184,  1.        ,  0.35424204,  0.30434227,  0.42471435,\n",
       "         0.11666153,  0.34585337,  0.40833376,  0.38390436,  0.29971012,\n",
       "         0.28986993,  0.29343352,  0.36508444,  0.12953916,  0.44822586,\n",
       "         0.13384564,  0.17119933,  0.1845611 ,  0.3075455 ,  0.40804445],\n",
       "       [ 0.17379116,  0.35424204,  1.        ,  0.27102355,  0.47317664,\n",
       "         0.15431559,  0.30378027,  0.47393198,  0.30958607,  0.27860627,\n",
       "         0.2925893 ,  0.30834273,  0.36490975,  0.08996912,  0.3289103 ,\n",
       "         0.14294103,  0.09119123,  0.18655605,  0.29257432,  0.39560433],\n",
       "       [ 0.16582331,  0.30434227,  0.27102355,  1.        ,  0.34759068,\n",
       "         0.1616584 ,  0.29106905,  0.49372458,  0.29279963,  0.17516809,\n",
       "         0.26734568,  0.31314247,  0.42613336,  0.1473461 ,  0.3140972 ,\n",
       "         0.1389469 ,  0.16900302,  0.13836498,  0.18034434,  0.31975259],\n",
       "       [ 0.21226605,  0.42471435,  0.47317664,  0.34759068,  1.        ,\n",
       "         0.13272312,  0.41054638,  0.49600105,  0.34172577,  0.29887473,\n",
       "         0.38376683,  0.29751399,  0.37063877,  0.07486017,  0.33166571,\n",
       "         0.11724153,  0.17716843,  0.10525794,  0.30022906,  0.35330848],\n",
       "       [ 0.11603759,  0.11666153,  0.15431559,  0.1616584 ,  0.13272312,\n",
       "         1.        ,  0.16419109,  0.11437517,  0.09044948,  0.20136357,\n",
       "         0.13589181,  0.09285555,  0.1337895 ,  0.17167163,  0.12516623,\n",
       "         0.36802523,  0.11213525,  0.15862349,  0.13503171,  0.15055968],\n",
       "       [ 0.19424208,  0.34585337,  0.30378027,  0.29106905,  0.41054638,\n",
       "         0.16419109,  1.        ,  0.3398415 ,  0.29285677,  0.29852414,\n",
       "         0.40605719,  0.21707586,  0.32870759,  0.13164999,  0.27546407,\n",
       "         0.11138813,  0.23041283,  0.14961316,  0.13400928,  0.26545512],\n",
       "       [ 0.19642781,  0.40833376,  0.47393198,  0.49372458,  0.49600105,\n",
       "         0.11437517,  0.3398415 ,  1.        ,  0.42441345,  0.15407804,\n",
       "         0.31209834,  0.43848384,  0.46258785,  0.1668574 ,  0.45369213,\n",
       "         0.0903011 ,  0.23334287,  0.19315112,  0.36223229,  0.40896486],\n",
       "       [ 0.08660063,  0.38390436,  0.30958607,  0.29279963,  0.34172577,\n",
       "         0.09044948,  0.29285677,  0.42441345,  1.        ,  0.27071556,\n",
       "         0.27528353,  0.41291722,  0.43913265,  0.14478696,  0.41877431,\n",
       "         0.10822034,  0.02444813,  0.24216468,  0.26588459,  0.56257344],\n",
       "       [ 0.22551062,  0.29971012,  0.27860627,  0.17516809,  0.29887473,\n",
       "         0.20136357,  0.29852414,  0.15407804,  0.27071556,  1.        ,\n",
       "         0.2592169 ,  0.26590382,  0.19850219,  0.0934284 ,  0.28788394,\n",
       "         0.16413508,  0.11250739,  0.16890394,  0.24541169,  0.26834468],\n",
       "       [ 0.20889393,  0.28986993,  0.2925893 ,  0.26734568,  0.38376683,\n",
       "         0.13589181,  0.40605719,  0.31209834,  0.27528353,  0.2592169 ,\n",
       "         1.        ,  0.1711855 ,  0.33422611,  0.2205944 ,  0.256372  ,\n",
       "         0.10994616,  0.200338  ,  0.15046394,  0.12751123,  0.21924206],\n",
       "       [-0.00774983,  0.29343352,  0.30834273,  0.31314247,  0.29751399,\n",
       "         0.09285555,  0.21707586,  0.43848384,  0.41291722,  0.26590382,\n",
       "         0.1711855 ,  1.        ,  0.31340825,  0.09860872,  0.38626734,\n",
       "         0.13809451,  0.0109755 ,  0.1881131 ,  0.40089416,  0.44448635],\n",
       "       [ 0.23755015,  0.36508444,  0.36490975,  0.42613336,  0.37063877,\n",
       "         0.1337895 ,  0.32870759,  0.46258785,  0.43913265,  0.19850219,\n",
       "         0.33422611,  0.31340825,  1.        ,  0.27445442,  0.35220298,\n",
       "         0.14693633,  0.17440139,  0.23972593,  0.25078191,  0.46159767],\n",
       "       [ 0.1103709 ,  0.12953916,  0.08996912,  0.1473461 ,  0.07486017,\n",
       "         0.17167163,  0.13164999,  0.1668574 ,  0.14478696,  0.0934284 ,\n",
       "         0.2205944 ,  0.09860872,  0.27445442,  1.        ,  0.07510962,\n",
       "         0.3106169 ,  0.16570638,  0.12272452,  0.07319994,  0.08980579],\n",
       "       [ 0.14167647,  0.44822586,  0.3289103 ,  0.3140972 ,  0.33166571,\n",
       "         0.12516623,  0.27546407,  0.45369213,  0.41877431,  0.28788394,\n",
       "         0.256372  ,  0.38626734,  0.35220298,  0.07510962,  1.        ,\n",
       "         0.13569232,  0.04938201,  0.25535989,  0.23447911,  0.44736642],\n",
       "       [ 0.08702847,  0.13384564,  0.14294103,  0.1389469 ,  0.11724153,\n",
       "         0.36802523,  0.11138813,  0.0903011 ,  0.10822034,  0.16413508,\n",
       "         0.10994616,  0.13809451,  0.14693633,  0.3106169 ,  0.13569232,\n",
       "         1.        ,  0.10021155,  0.1772054 ,  0.15531438,  0.12178652],\n",
       "       [ 0.18640497,  0.17119933,  0.09119123,  0.16900302,  0.17716843,\n",
       "         0.11213525,  0.23041283,  0.23334287,  0.02444813,  0.11250739,\n",
       "         0.200338  ,  0.0109755 ,  0.17440139,  0.16570638,  0.04938201,\n",
       "         0.10021155,  1.        ,  0.03041109,  0.04920968,  0.04678664],\n",
       "       [ 0.00199259,  0.1845611 ,  0.18655605,  0.13836498,  0.10525794,\n",
       "         0.15862349,  0.14961316,  0.19315112,  0.24216468,  0.16890394,\n",
       "         0.15046394,  0.1881131 ,  0.23972593,  0.12272452,  0.25535989,\n",
       "         0.1772054 ,  0.03041109,  1.        ,  0.2294723 ,  0.29137089],\n",
       "       [ 0.14468261,  0.3075455 ,  0.29257432,  0.18034434,  0.30022906,\n",
       "         0.13503171,  0.13400928,  0.36223229,  0.26588459,  0.24541169,\n",
       "         0.12751123,  0.40089416,  0.25078191,  0.07319994,  0.23447911,\n",
       "         0.15531438,  0.04920968,  0.2294723 ,  1.        ,  0.29629822],\n",
       "       [ 0.08724871,  0.40804445,  0.39560433,  0.31975259,  0.35330848,\n",
       "         0.15055968,  0.26545512,  0.40896486,  0.56257344,  0.26834468,\n",
       "         0.21924206,  0.44448635,  0.46159767,  0.08980579,  0.44736642,\n",
       "         0.12178652,  0.04678664,  0.29137089,  0.29629822,  1.        ]])"
      ]
     },
     "execution_count": 32,
     "metadata": {},
     "output_type": "execute_result"
    }
   ],
   "source": [
    "max_len = sims[-1].size\n",
    "result = np.zeros((max_len, max_len))\n",
    "for i, s in enumerate(sims):\n",
    "    result[i, :s.size] = s\n",
    "result + result.T - np.identity(max_len)"
   ]
  },
  {
   "cell_type": "code",
   "execution_count": 12,
   "metadata": {
    "ExecuteTime": {
     "end_time": "2017-02-18T19:40:20.275681",
     "start_time": "2017-02-18T19:40:20.259596"
    },
    "collapsed": false,
    "deletable": true,
    "editable": true
   },
   "outputs": [],
   "source": [
    "#sims = rdd.collect() # aggregate(\"\", lambda acc, x: \"{}\\n{}\".format(acc, json.dumps(x)), lambda x, y: \"{}\\iin{}\".format(x, y))"
   ]
  }
 ],
 "metadata": {
  "kernelspec": {
   "display_name": "Python 3",
   "language": "python",
   "name": "python3"
  },
  "language_info": {
   "codemirror_mode": {
    "name": "ipython",
    "version": 3
   },
   "file_extension": ".py",
   "mimetype": "text/x-python",
   "name": "python",
   "nbconvert_exporter": "python",
   "pygments_lexer": "ipython3",
   "version": "3.5.2"
  }
 },
 "nbformat": 4,
 "nbformat_minor": 2
}
